        Dia hinh Thuy van cong ngam THLG
CONG	NGAM EMPI      New1	New2	DF1 	DF2  	ZD1 	ZD2 	DAI m 	D.KINH
	1	1	224	275	5.1	4.5	3.1	2.8	700	1.2
	2	1	223	199	4	3.5	2.5	2.45	970	1.2
	3	1	223	227	4	3.8	2.5	2	600	1.2
	4	1	227	196	3.8	3.6	2	1.8	200	1.2
	5	1	224	225	5	4.7	3.1	2.8	700	1.2
	6	1	225	226	4.7	4.5	2.8	2.5	650	1.2
	7	1	226	197	4.5	4.5	2.5	1.75	650	1.2
	8	1	226	199	4.5	3.5	2.5	2.45	300	1.2
	9	1	225	276	4.7	4.5	2.8	2.2	780	1
	10	1	232	274	5	3.8	1.8	1.6	700	1.2
	11	1	274	270	3.8	3.2	1.6	1.3	650	1
	12	1	270	269	3.2	2.2	1.3	0.5	700	1
	13	1	269	217	2.2	2.2	0.5	-0.1	650	1
	14	1	232	197	5	4.5	1.8	1.75	750	1.2
	15	1	232	231	5	4	1.8	1.6	920	1.2
	16	1	231	267	4	3.2	1.6	1.6	920	1
	17	1	266	288	3.2	2.9	1.6	1.6	500	1
	18	1	250	231	3.5	4	2	1.6	1000	1.2
	19	1	231	274	4	3.8	1.6	1.5	540	1.2
	20	1	274	220	3.8	3.2	1.5	1.4	540	1.2
	21	1	267	270	3.2	3.2	1.6	1.3	1150	1
	22	1	270	219	3.2	3.3	1.3	1.1	500	1.2
	23	1	268	269	2.2	2.2	0.6	0.5	900	1
	24	1	269	218	2.2	2.2	0.5	0.1	360	1
	25	1	250	267	3.5	3.2	2	1.6	800	1.2
	26	1	267	287	3.2	2.9	1.6	1	510	1.2
	27	1	268	222	2.2	2	0.6	0.2	250	1.2
	28	1	264	222	2.3	2	0.4	0.2	300	1.2
	29	1	266	294	3.2	3	1.5	1	810	1.2
	30	1	264	293	2.3	2.3	0.4	0.3	510	1.2
	31	1	265	216	2.1	1.8	0.2	-0.3	100	1.2
	32	1	265	262	2.1	1.6	0.2	0.1	350	1.2
	33	1	262	253	1.6	1.4	0.1	-0.2	650	0.8
	34	1	253	207	1.4	1	-0.2	-0.6	750	1.2
	35	1	263	292	2.4	2	0.2	0.2	570	0.8
	36	1	262	290	1.6	1.6	0.1	0.1	720	0.8
	37	1	262	215	1.6	1.6	0.1	-0.5	300	1.2
	38	1	252	289	1.6	1.5	0	-0.1	620	0.8
	39	1	253	213	1.4	1.1	-0.2	-0.4	500	1
	40	1	264	263	2.3	2.4	0.4	0.2	520	1.2
	41	1	263	291	2.4	2	0.2	0.1	570	1.2
	42	1	252	221	1.6	1	0	-0.6	350	1.2
	43	1	251	221	1.2	1	-0.6	-0.6	350	1.2
	44	1	284	68	2.2	1.5	0	-0.6	830	1.5
	45	1	251	286	1.2	1	-0.6	-0.6	620	0.8
	46	1	228	227	4	3.8	2.4	2	300	1.2
	47	1	228	229	5.2	4	2.5	2.4	650	1
	48	1	229	279	5.2	4.9	2.5	2.2	570	0.8
	49	1	233	281	4.7	3.7	1.8	1.4	540	1
	50	1	271	272	2.8	2.2	1.1	0.5	450	1.2
	51	1	272	217	2.2	2	0.5	0.2	500	1.5
	52	1	260	259	2	1.5	0.2	0.1	500	1.2
	53	1	230	229	5.1	5.2	2.5	2.5	450	0.8
	54	1	229	277	5.2	4.9	2.5	2.4	520	1
	55	1	233	278	4.7	4.6	1.8	1.8	620	1
	56	1	233	235	4.7	3.5	1.8	1.2	800	1
	57	1	235	238	3.5	2.9	1.2	0.7	940	0.1
	58	1	233	280	4.7	4.1	1.8	1.6	550	1.2
	59	1	271	219	2.8	3.3	1.1	1.1	850	1.2
	60	1	271	236	2.8	3	1.1	1	500	1
	61	1	236	239	3	2.9	1	0.8	700	0.1
	62	1	239	238	2.9	2.9	0.8	0.7	500	0.8
	63	1	234	282	5.1	4.2	2	1.7	570	1.2
	64	1	235	236	3.5	3	1.2	1	720	1.2
	65	1	236	273	3	2.8	1	0.8	250	1.2
	66	1	273	272	2.8	2.2	0.8	0.5	350	1.2
	67	1	273	258	2.8	2	0.8	0.2	680	0.1
	68	1	258	256	2	1.6	0.2	0.1	450	1.2
	69	1	257	258	2.2	2	0.2	0.2	580	0.8
	70	1	258	260	2	2	0.2	0.2	250	0.8
	71	1	260	261	2	2	0.2	0.2	700	1.2
	72	1	261	216	2	1.8	0.2	-0.3	250	1.2
	73	1	261	217	2	2.2	0.2	-0.1	150	1
	74	1	261	215	2	1.6	0.2	-0.5	420	1
	75	1	241	285	2.4	2	0.2	0.1	600	0.8
	76	1	256	259	1.6	1.5	0.1	0.1	150	0.8
	77	1	259	215	1.5	1.6	0.1	-0.5	550	1.2
	78	1	255	214	1.4	1.2	0	-0.6	500	1.6
	79	1.1	242	246	2.1	1.6	-0.2	-0.3	600	0.6
	80	1.1	246	254	1.6	1.3	-0.3	-0.3	600	0.6
	81	1	254	213	1.3	1.1	-0.3	-0.4	300	0.6
	82	1	245	243	1.5	1.8	-0.5	-0.6	550	0.6
	83	1	245	248	1.5	1	-0.5	-0.5	600	0.6
	84	1	248	212	1	0.9	-0.5	-0.6	300	0.6
	85	1	244	243	1.3	1.8	-0.6	-0.6	600	0.6
	86	1	244	247	1.3	1	-0.6	-0.6	620	0.6
	87	1	247	249	1	1	-0.6	-0.6	630	0.6
	88	1	249	76	1	1	-0.6	-0.6	650	0.6
	89	1	249	211	1	1	-0.6	-0.6	350	0.6
	90	1	249	75	1	1	-0.6	-0.6	350	0.6
	91	1	237	238	3	2.9	0.8	0.7	350	0.8
	92	1	238	240	2.9	2.5	0.7	0.4	450	0.8
	93	1	240	257	2.5	2.2	0.4	0.2	500	0.8
	94	1	257	256	2.2	1.6	0.2	0.1	760	0.8
	95	1	256	255	1.6	1.4	0.1	0	260	0.8
	96	1	255	254	1.4	1.3	0	-0.3	220	0.6
	97	1	254	248	1.3	1	-0.3	-0.5	320	0.6
	98	1	248	247	1	1	-0.5	-0.6	450	0.6
	99	1	247	72	1	1	-0.6	-0.6	300	0.6
	100	1.1	246	245	1.6	1.5	-0.3	-0.5	200	0.6
	101	1	245	244	1.5	1.3	-0.5	-0.6	250	0.6
	102	1	244	71	1.3	1.2	-0.6	-0.6	300	0.6
	103	1	239	240	2.9	2.5	0.8	0.4	400	1
	104	1	240	241	2.5	2.4	0.4	0.1	700	1
	105	1	241	242	2.4	2.1	0.1	-0.2	400	1
	106	1	242	243	2.1	1.8	-0.2	-0.6	200	1
	107	1	243	209	1.8	1.5	-0.6	-1	700	0.6
	108	1	230	228	5.1	4	2.5	2.4	900	1.5
	109	1	230	234	5.1	5.1	2.5	2	500	1.5
	110	1	234	283	5.1	4	2	1.5	850	1.5
	111	1	237	284	3	2.2	0.8	0	820	1.5
	112	1	272	217	2.2	2.2	0.5	-0.1	950	1.5
	113	1	275	223	4.5	4	2.8	2.5	750	1.5
	114	1	276	232	4.5	5	2.2	1.8	780	1
	115	1	288	267	2.9	3.2	1.6	1.6	500	1
	116	1	287	268	2.9	2.2	1	0.6	510	1.5
	117	1	294	222	3	2.3	1	0.4	720	1.5
	118	1	293	265	2.3	2.1	0.3	0.2	510	1.5
	119	1	292	262	2	1.6	0.2	0.1	580	0.8
	120	1	290	252	1.6	1.6	0.1	0	730	0.8
	121	1	289	253	1.5	1.4	-0.1	-0.2	630	0.8
	122	1	291	252	2	1.6	0.1	0	580	1.2
	123	1	286	77	1	1	-0.6	-0.6	630	0.8
	124	1	279	233	4.9	4.7	2.2	1.8	580	0.8
	125	1	281	271	3.7	2.8	1.4	1.1	540	1
	126	1	277	198	4.9	4.5	2.4	2.2	530	1
	127	1	278	197	4.6	4.5	1.8	1.75	630	1
	128	1	280	220	4.1	3.2	1.6	1.4	550	1.2
	129	1	282	235	4.2	3.5	1.7	1.2	580	1.2
	130	1	285	256	2	1.6	0.1	0.1	610	0.8
	131	1	283	237	4	3	1.5	0.8	850	1.5
	           Mua vao cac nut cong
 73 Q MUA VAO CAC NUT MOI	: KTT,NUT,XD,(DITI(NUT,J),J=1,3),DIC,(BS1, BS2,.....BS32															      Nut Cu    Nut Moi
1       241	1.24	1	1.5	2	0.7	11*0	0	1.32	2.71	2.71	2.71	1.32	0.23	0	0	0	0	11*0	
2	242	0.5	0.6	1	1.1	0.6	11*0	0	0.9	2.04	2.04	0.9	0.26	0	0	0	0	0	11*0	
3	243	0.35	1.8	2.2	2.2	0.7	11*0	0	1.41	2.84	2.84	2.84	1.41	0.37	0	0	0	0	11*0	
4	244	0.35	1	1.2	1.5	0.7	11*0	0	1.32	2.71	2.71	2.71	1.32	0.23	0	0	0	0	11*0	
5	245	0.35	1.8	2	2.2	0.7	11*0	0	1.29	2.4	2.4	1.29	0.4	0	0	0	0	0	11*0	
6	246	0.35	1.5	1.8	2.2	0.6	11*0	0	1.23	2.38	2.38	1.23	0.38	0	0	0	0	0	11*0	
7	247	0.35	1.5	1.8	2	0.7	11*0	0	1.54	3.08	3.08	3.08	1.54	0.37	0	0	0	0	11*0	
8	248	0.35	1.5	1.8	2	0.7	11*0	0	1.37	2.09	2.09	1.37	0.43	0	0	0	0	0	11*0	
9	249	0.35	1.2	1.5	1.5	0.7	11*0	0	1.54	3.08	3.08	3.08	1.54	0.37	0	0	0	0	11*0	
10	251	0.4	2.5	2.7	2.9	0.7	11*0	0	0.75	1.52	1.52	0.55	0	0	0	0	0	0	11*0	
11	253	0.55	1.5	2.5	2.9	0.7	11*0	0	1.33	2.68	4.01	4.01	2.68	1.33	0.17	0	0	0	11*0	
12	254	0.5	2.5	2.8	2.9	0.6	11*0	0	1.14	2.28	2.28	1.14	0.29	0	0	0	0	0	11*0	
13	255	0.83	0.6	0.9	1.2	0.7	11*0	0	0.61	1.66	1.66	0.83	0	0	0	0	0	0	11*0	
14	256	1.55	0.8	1	1.2	0.7	11*0	0	1.13	2.3	3.45	3.45	2.3	1.13	0	0	0	0	11*0	
15	284	2.21	1	1.7	2.9	0.7	11*0	0	1.32	2.71	2.71	1.32	0.36	0	0	0	0	0	11*0	
16	286	0.55	1.8	2.2	2.2	0.7	11*0	0	0.91	2.05	2.05	0.91	0.27	0	0	0	0	0	11*0	
17	220	1	1.2	2	3.6	0.7	11*0	0	2.02	4.05	5.67	6.08	6.08	5.21	3.68	2.24	0.99	0	11*0	
18	221	1	0.3	0.5	0.9	0.7	11*0	0	1.52	3.05	3.05	3.05	1.52	0.35	0	0	0	0	11*0	
19	222	1	0.8	1.3	2.2	0.7	11*0	0	1.28	2.59	3.9	3.9	2.59	1.28	0	0	0	0	11*0	
20	223	1.24	1.4	2.3	4.1	0.7	11*0	0	1.32	2.71	2.71	2.71	1.32	0.23	0	0	0	0	11*0	
21	224	1.24	0.8	1.4	2.5	0.7	11*0	0	1.31	2.7	2.7	1.31	0.35	0	0	0	0	0	11*0	
22	225	0.86	1.3	2.1	3.7	0.7	11*0	0	1.13	2.3	3.45	3.45	2.3	1.13	0	0	0	0	11*0	
23	226	1.24	1	1.6	2.8	0.7	11*0	0	1.32	2.71	2.71	1.32	0.36	0	0	0	0	0	11*0	
24	227	1.24	0.7	1.1	1.9	0.7	11*0	0	0.51	1.36	1.36	0.68	0	0	0	0	0	0	11*0	
25	228	1.24	1.1	1.9	3.2	0.7	11*0	0	1.57	3.12	3.12	3.12	1.57	0.4	0	0	0	0	11*0	
26	229	0.86	1.3	2.2	3.8	0.7	11*0	0	1.13	2.3	3.45	3.45	2.3	1.13	0	0	0	0	11*0	
27	230	1.24	1.1	1.9	3.2	0.7	11*0	0	1.52	3.05	3.05	3.05	1.52	0.35	0	0	0	0	11*0	
28	231	1.24	1.7	2.9	5	0.7	11*0	0	1.35	2.69	4.02	4.02	2.69	1.35	0.18	0	0	0	11*0	
29	232	0.86	1.9	3.2	5.5	0.7	11*0	0	2.12	4.25	5.95	6.38	6.38	5.46	3.86	2.36	1.04	0	11*0	
30	233	0.55	1.9	2.5	3.4	0.7	11*0	0	1.32	2.64	3.99	3.99	2.64	1.32	0	0	0	0	11*0	
31	234	1.24	1.2	1.9	3.4	0.7	11*0	0	1.33	2.68	4.02	4.02	2.69	1.34	0.18	0	0	0	11*0	
32	235	1.24	1.2	2	3.3	0.7	11*0	0	1.32	2.64	3.99	3.99	2.64	1.32	0	0	0	0	11*0	
33	236	1.24	1.3	2.2	3.8	0.7	11*0	0	1.11	2.23	3.33	3.33	2.23	1.11	0	0	0	0	11*0	
34	237	1.24	0.7	1	1.2	0.7	11*0	0	1.32	2.67	4	4	2.67	1.32	0.17	0	0	0	11*0	
35	238	1.74	0.6	0.9	1.2	0.7	11*0	0	1.13	2.3	3.45	3.45	2.3	1.13	0	0	0	0	11*0	
36	239	1.54	0.5	0.8	1	0.7	11*0	0	1.32	2.71	2.71	2.71	1.32	0.23	0	0	0	0	11*0	
37	240	1.24	0.5	0.5	0.5	0.7	11*0	0	1.15	2.31	2.31	1.15	0.3	0	0	0	0	0	11*0	
38	250	1.24	0.8	1.3	2.3	0.7	11*0	0	1.31	2.7	2.7	1.31	0.35	0	0	0	0	0	11*0	
39	252	1.24	1.4	2.3	4	0.7	11*0	0	1.34	2.74	2.75	2.75	1.34	0.25	0	0	0	0	11*0	
40	257	1.24	0.5	0.8	1	0.7	11*0	0	1.57	3.12	3.12	3.12	1.57	0.4	0	0	0	0	11*0	
41	258	0.55	1.2	1.8	2.4	0.7	11*0	0	1.5	3.02	3.02	3.02	1.5	0.32	0	0	0	0	11*0	
42	259	1.24	0.7	1.2	2.1	0.7	11*0	0	1.1	2.1	2.1	1.1	0.28	0	0	0	0	0	11*0	
43	260	1.24	1.2	1.9	3.4	0.7	11*0	0	1.5	3.02	3.02	3.02	1.5	0.32	0	0	0	0	11*0	
44	261	0.86	0.9	1.5	2.7	0.7	11*0	0	1.32	2.71	2.71	1.32	0.36	0	0	0	0	0	11*0	
45	262	0.55	1.6	2.6	4.5	0.7	11*0	0	1.35	2.72	3.55	3.55	2.74	1.36	0	0	0	0	11*0	
46	263	1.24	1	1.7	2.9	0.7	11*0	0	1.32	2.71	2.71	1.32	0.36	0	0	0	0	0	11*0	
47	264	1.24	1.3	2.2	3.8	0.7	11*0	0	1.32	2.71	2.71	2.71	1.32	0.23	0	0	0	0	11*0	
48	265	1.24	0.6	1	1.7	0.7	11*0	0	0.79	1.59	1.59	0.61	0	0	0	0	0	0	11*0	
49	266	1.24	0.8	1.3	2.3	0.7	11*0	0	1.32	2.71	2.71	1.32	0.36	0	0	0	0	0	11*0	
50	267	0.86	2	3.3	5.8	0.7	11*0	0	1.32	2.64	3.99	3.99	2.64	1.32	0	0	0	0	11*0	
51	268	1.24	1	1.7	2.9	0.7	11*0	0	1.32	2.71	2.71	1.32	0.36	0	0	0	0	0	11*0	
52	269	0.86	1.6	2.6	4.6	0.7	11*0	0	1.33	2.68	4.01	4.01	2.68	1.33	0.17	0	0	0	11*0	
53	270	0.86	1.5	2.4	4.3	0.7	11*0	0	1.3	2.6	4	4	2.61	1.3	0.17	0	0	0	11*0	
54	271	0.86	1.4	2.3	4.1	0.7	11*0	0	1.14	2.34	3.49	3.49	2.35	1.17	0	0	0	0	11*0	
55	272	1.24	1.4	2.3	3.9	0.7	11*0	0	1.17	2.33	3.49	3.49	2.33	1.17	0	0	0	0	11*0	
56	273	1.24	0.8	1.3	2.2	0.7	11*0	0	1.08	2.17	2.17	1.08	0.28	0	0	0	0	0	11*0	
57	274	1.24	1.5	2.4	4.3	0.7	11*0	0	1.3	2.61	3.92	3.92	2.61	1.3	0.2	0	0	0	11*0	
58	275	1.24	0.9	1.4	2.5	0.7	11*0	0	1.15	2.31	2.32	1.15	0.33	0	0	0	0	0	11*0	
59	276	0.86	0.9	1.6	2.7	0.7	11*0	0	1.32	2.71	2.71	1.32	0.36	0	0	0	0	0	11*0	
60	277	0.86	0.6	1	1.8	0.7	11*0	0	0.77	1.56	1.56	0.58	0.1	0	0	0	0	0	11*0	
61	278	0.86	0.8	1.3	2.2	0.7	11*0	0	0.91	2.06	2.06	0.91	0.27	0	0	0	0	0	11*0	
62	279	0.55	0.7	1.1	2	0.7	11*0	0	0.71	1.93	1.93	0.96	0.25	0	0	0	0	0	11*0	
63	280	1.24	0.7	1.1	1.9	0.7	11*0	0	0.79	1.58	1.58	0.6	0.1	0	0	0	0	0	11*0	
64	281	0.86	0.6	1.1	1.9	0.7	11*0	0	0.78	1.57	1.57	0.59	0.09	0	0	0	0	0	11*0	
65	282	1.24	0.7	1.1	2	0.7	11*0	0	0.71	1.93	1.93	0.96	0.25	0	0	0	0	0	11*0	
66	283	1.24	1	1.7	3	0.7	11*0	0	1.34	2.75	2.76	1.35	0.4	0.09	0	0	0	0	11*0	
67	285	0.55	0.7	1.2	2.1	0.7	11*0	0	0.9	2.04	2.04	0.9	0.26	0	0	0	0	0	11*0	
68	289	0.55	0.8	1.3	2.2	0.7	11*0	0	0.91	2.05	2.05	0.91	0.27	0	0	0	0	0	11*0	
69	290	0.55	0.9	1.4	2.5	0.7	11*0	0	1.15	2.31	2.31	1.15	0.31	0	0	0	0	0	11*0	
70	291	1.24	0.7	1.1	2	0.7	11*0	0	0.71	1.93	1.93	0.96	0.25	0	0	0	0	0	11*0	
71	292	0.55	0.7	1.1	2	0.7	11*0	0	0.71	1.93	1.93	0.96	0.25	0	0	0	0	0	11*0	
72	293	1.24	0.6	1	1.8	0.7	11*0	0	0.76	1.55	1.55	0.58	0.08	0	0	0	0	0	11*0	
73	294	1.24	1	1.6	2.9	0.7	11*0	0	1.32	2.71	2.71	1.32	0.36	0	0	0	0	0	11*0	
	 
	 
	