   TINH CONG NGAM THOA  - L.GOM TP HCM- rach trau+8cm-co hep 4m CO MUA (87) Sua 7 Mar 2010 
         131 73   32         MCON  
         1    10     720  120   NSM,NTD,NH,NH1 (MQC Qmua nhap vao cac nut)
         0.5  0.25 0.5   1    900.	 DNT,DNR,MDT,DT  (DT in seconds)
         0     1   9  1991  1    0    	 ITO,ING,ITH,IYE,IP,IM1
         5     0    1   0  1  		 MOUT,INDIS,JHQS,KVE LGIO
       24
      1  3  5  8
      616 629 630 652 412 414 416 618 620 622 
      624 626 628 630 632 634 636 638 640 641
        RAINFALL DATA
 tram mua 1
        8*0  50  50  40  40  30  25
    Q LATERAL    
      1  KQL
          1  61  2  2.6  
      0  q hIEU CHINH
      0  0 q NHU CAU NUOC
      0  NXaK
      0 NXat
                BIEN THUY LUC
 Boundary (1) TRI AN+FH
 -1 0
 720*230
 Boundary (2) THI TINH
 -1 0
 720*10.0
 3   Q DAU TIENG (9/91)
  -1 0
  720*100
 B4 Q Ben Da
  -1   0
  720*100
  B5 Q Binh Cha
    -1   0
    720*100
  B6  VAM KENH 1991,09 (+65)  (THAY VUNG TAU)                
1  65
    -100.     -67.     -25.       4.      23.      24.       4.     -36.     -84.    -132.    -170.    -203.    -225.    -225.    -158.    -108.     -63.     -25.      -7.      -8.     -25.     -46.     -69.     -80.
     -78.     -56.     -35.     -13.       8.      12.       3.     -20.     -59.    -104.    -149.    -183.    -213.    -235.    -230.    -173.    -127.     -86.     -47.     -22.     -18.     -18.     -31.     -46.
     -52.     -39.     -28.     -17.      -6.       2.       0.     -16.     -35.     -69.    -104.    -149.    -186.    -213.    -235.    -242.    -209.    -149.    -117.     -78.     -39.     -20.     -15.     -14.
     -16.     -25.     -18.     -18.      -8.     -12.     -11.      -7.     -17.     -23.     -56.     -93.    -132.    -170.    -207.    -233.    -254.    -247.    -195.    -132.     -90.     -49.     -19.      -5.
       0.       0.     -15.     -28.     -37.     -42.     -30.     -30.     -20.     -13.     -22.     -44.     -78.    -130.    -170.    -209.    -238.    -260.    -265.    -213.    -147.     -92.     -39.       1.
      14.      12.      -7.     -29.     -55.     -70.     -68.     -61.     -41.     -18.      -6.     -10.     -33.     -68.    -113.    -167.    -207.    -235.    -260.    -282.    -231.    -135.     -64.      -8.
      29.      25.       1.     -27.     -65.     -93.    -102.    -101.     -79.     -43.     -10.      14.      13.      -5.     -45.    -103.    -167.    -204.    -232.    -260.    -273.    -193.    -111.     -37.
      13.      36.      23.      -8.     -52.     -97.    -127.    -149.    -137.    -103.     -52.      -5.      23.      33.      12.     -37.     -98.    -158.    -195.    -227.    -251.    -245.    -147.     -79.
     -10.      40.      47.      16.     -26.     -77.    -119.    -156.    -170.    -150.    -101.     -35.      15.      48.      47.      23.     -29.     -93.    -144.    -184.    -214.    -242.    -204.    -121.
     -57.       6.      50.      23.     -20.     -59.     -99.    -151.    -181.    -202.    -175.    -116.     -65.     -17.      39.      48.       0.     -49.     -97.    -150.    -185.    -212.    -218.    -135.
     -67.      -9.      35.      47.      23.     -24.     -77.    -127.    -167.    -198.    -213.    -154.     -93.     -28.      23.      52.      43.       3.     -49.    -104.    -145.    -170.    -187.    -148.
     -81.     -21.      20.      41.      35.       3.     -48.    -100.    -147.    -181.    -209.    -222.    -152.     -92.     -35.       5.      38.      30.       2.     -57.    -104.    -139.    -157.    -137.
     -85.     -31.      15.      34.      41.      21.     -24.     -82.    -131.    -167.    -197.    -215.    -216.    -137.     -81.     -28.       5.      12.       0.     -30.     -70.     -97.    -101.     -99.
     -71.     -35.      -5.      18.      24.      12.     -16.     -60.    -111.    -157.    -189.    -212.    -221.    -170.    -110.     -58.     -16.       1.       1.     -10.     -29.     -58.     -64.     -68.
     -57.     -39.      -7.      15.      19.      15.      -7.     -42.     -81.    -121.    -160.    -186.    -201.    -195.    -147.    -101.     -53.     -20.       3.       7.     -18.     -31.     -40.     -32.
     -19.      -6.       6.       5.       4.       3.      -6.     -28.     -56.     -86.    -113.    -149.    -177.    -194.    -172.    -134.    -100.     -64.     -33.     -17.     -10.      -6.     -10.     -13.
      -7.      -5.       4.       5.       3.      -3.     -18.     -22.     -40.     -63.     -81.    -103.    -131.    -154.    -178.    -163.    -135.    -109.     -79.     -51.     -31.      -9.       3.      11.
      10.      11.      15.      10.       3.      -3.     -11.     -25.     -29.     -37.     -59.     -84.    -110.    -133.    -156.    -163.    -170.    -141.    -122.     -87.     -49.     -19.      -3.      10.
      17.      18.      13.       0.     -15.     -20.     -25.     -23.     -22.     -23.     -32.     -46.     -68.    -101.    -135.    -170.    -181.    -191.    -180.    -130.     -96.     -55.     -23.      12.
      29.      32.       8.     -15.     -31.     -53.     -52.     -48.     -38.     -25.     -16.     -13.     -35.     -64.    -104.    -140.    -167.    -196.    -202.    -170.    -121.     -74.     -23.      10.
      32.      29.       9.     -13.     -41.     -62.     -78.     -73.     -53.     -29.      -9.       4.      -2.     -18.     -62.    -105.    -152.    -181.    -202.    -208.    -152.     -99.     -40.       9.
      42.      39.      16.      -9.     -44.     -81.     -96.    -101.     -80.     -43.      -9.      17.      27.      17.     -14.     -56.    -107.    -156.    -184.    -205.    -175.    -117.     -52.      -1.
      41.      54.      41.       5.     -37.     -77.    -106.    -125.    -120.     -83.     -35.       9.      34.      40.      23.      -9.     -62.    -112.    -152.    -186.    -200.    -147.     -89.     -26.
      25.      58.      56.      25.     -22.     -72.    -110.    -145.    -161.    -129.     -75.     -17.      25.      53.      51.      26.     -22.     -73.    -116.    -155.    -180.    -172.    -112.     -47.
       9.      53.      63.      35.      -5.     -57.    -103.    -147.    -170.    -181.    -128.     -66.      -8.      38.      57.      53.      22.     -27.     -86.    -118.    -151.    -163.    -130.     -70.
      -8.      38.      59.      50.      11.     -39.    -101.    -143.    -170.    -203.    -181.    -115.     -42.       6.      50.      63.      41.      -1.     -50.     -95.    -123.    -147.    -134.     -85.
     -21.      19.      47.      53.      23.     -22.     -81.    -132.    -180.    -215.    -225.    -190.    -130.     -40.      31.      55.      50.      17.     -27.     -76.    -103.    -118.    -119.     -73.
     -18.      25.      49.      50.      33.      -8.     -64.    -126.    -170.    -209.    -235.    -236.    -145.     -74.     -13.      22.      36.      18.     -18.     -47.     -77.     -87.     -84.     -69.
     -22.       4.      32.      42.      29.       1.     -47.    -109.    -161.    -198.    -226.    -245.    -223.    -140.     -76.     -32.       5.      18.      10.     -10.     -22.     -47.     -50.     -42.
     -32.     -11.       5.      18.      20.      15.     -16.     -62.    -111.    -163.    -203.    -228.    -250.    -232.    -170.    -104.     -55.     -22.      -5.      -3.     -11.     -33.     -31.     -33.
  B7  VAM KENH 1991,09 (+65)  (THAY DONG TRANH)                
1  73
    -100.     -67.     -25.       4.      23.      24.       4.     -36.     -84.    -132.    -170.    -203.    -225.    -225.    -158.    -108.     -63.     -25.      -7.      -8.     -25.     -46.     -69.     -80.
     -78.     -56.     -35.     -13.       8.      12.       3.     -20.     -59.    -104.    -149.    -183.    -213.    -235.    -230.    -173.    -127.     -86.     -47.     -22.     -18.     -18.     -31.     -46.
     -52.     -39.     -28.     -17.      -6.       2.       0.     -16.     -35.     -69.    -104.    -149.    -186.    -213.    -235.    -242.    -209.    -149.    -117.     -78.     -39.     -20.     -15.     -14.
     -16.     -25.     -18.     -18.      -8.     -12.     -11.      -7.     -17.     -23.     -56.     -93.    -132.    -170.    -207.    -233.    -254.    -247.    -195.    -132.     -90.     -49.     -19.      -5.
       0.       0.     -15.     -28.     -37.     -42.     -30.     -30.     -20.     -13.     -22.     -44.     -78.    -130.    -170.    -209.    -238.    -260.    -265.    -213.    -147.     -92.     -39.       1.
      14.      12.      -7.     -29.     -55.     -70.     -68.     -61.     -41.     -18.      -6.     -10.     -33.     -68.    -113.    -167.    -207.    -235.    -260.    -282.    -231.    -135.     -64.      -8.
      29.      25.       1.     -27.     -65.     -93.    -102.    -101.     -79.     -43.     -10.      14.      13.      -5.     -45.    -103.    -167.    -204.    -232.    -260.    -273.    -193.    -111.     -37.
      13.      36.      23.      -8.     -52.     -97.    -127.    -149.    -137.    -103.     -52.      -5.      23.      33.      12.     -37.     -98.    -158.    -195.    -227.    -251.    -245.    -147.     -79.
     -10.      40.      47.      16.     -26.     -77.    -119.    -156.    -170.    -150.    -101.     -35.      15.      48.      47.      23.     -29.     -93.    -144.    -184.    -214.    -242.    -204.    -121.
     -57.       6.      50.      23.     -20.     -59.     -99.    -151.    -181.    -202.    -175.    -116.     -65.     -17.      39.      48.       0.     -49.     -97.    -150.    -185.    -212.    -218.    -135.
     -67.      -9.      35.      47.      23.     -24.     -77.    -127.    -167.    -198.    -213.    -154.     -93.     -28.      23.      52.      43.       3.     -49.    -104.    -145.    -170.    -187.    -148.
     -81.     -21.      20.      41.      35.       3.     -48.    -100.    -147.    -181.    -209.    -222.    -152.     -92.     -35.       5.      38.      30.       2.     -57.    -104.    -139.    -157.    -137.
     -85.     -31.      15.      34.      41.      21.     -24.     -82.    -131.    -167.    -197.    -215.    -216.    -137.     -81.     -28.       5.      12.       0.     -30.     -70.     -97.    -101.     -99.
     -71.     -35.      -5.      18.      24.      12.     -16.     -60.    -111.    -157.    -189.    -212.    -221.    -170.    -110.     -58.     -16.       1.       1.     -10.     -29.     -58.     -64.     -68.
     -57.     -39.      -7.      15.      19.      15.      -7.     -42.     -81.    -121.    -160.    -186.    -201.    -195.    -147.    -101.     -53.     -20.       3.       7.     -18.     -31.     -40.     -32.
     -19.      -6.       6.       5.       4.       3.      -6.     -28.     -56.     -86.    -113.    -149.    -177.    -194.    -172.    -134.    -100.     -64.     -33.     -17.     -10.      -6.     -10.     -13.
      -7.      -5.       4.       5.       3.      -3.     -18.     -22.     -40.     -63.     -81.    -103.    -131.    -154.    -178.    -163.    -135.    -109.     -79.     -51.     -31.      -9.       3.      11.
      10.      11.      15.      10.       3.      -3.     -11.     -25.     -29.     -37.     -59.     -84.    -110.    -133.    -156.    -163.    -170.    -141.    -122.     -87.     -49.     -19.      -3.      10.
      17.      18.      13.       0.     -15.     -20.     -25.     -23.     -22.     -23.     -32.     -46.     -68.    -101.    -135.    -170.    -181.    -191.    -180.    -130.     -96.     -55.     -23.      12.
      29.      32.       8.     -15.     -31.     -53.     -52.     -48.     -38.     -25.     -16.     -13.     -35.     -64.    -104.    -140.    -167.    -196.    -202.    -170.    -121.     -74.     -23.      10.
      32.      29.       9.     -13.     -41.     -62.     -78.     -73.     -53.     -29.      -9.       4.      -2.     -18.     -62.    -105.    -152.    -181.    -202.    -208.    -152.     -99.     -40.       9.
      42.      39.      16.      -9.     -44.     -81.     -96.    -101.     -80.     -43.      -9.      17.      27.      17.     -14.     -56.    -107.    -156.    -184.    -205.    -175.    -117.     -52.      -1.
      41.      54.      41.       5.     -37.     -77.    -106.    -125.    -120.     -83.     -35.       9.      34.      40.      23.      -9.     -62.    -112.    -152.    -186.    -200.    -147.     -89.     -26.
      25.      58.      56.      25.     -22.     -72.    -110.    -145.    -161.    -129.     -75.     -17.      25.      53.      51.      26.     -22.     -73.    -116.    -155.    -180.    -172.    -112.     -47.
       9.      53.      63.      35.      -5.     -57.    -103.    -147.    -170.    -181.    -128.     -66.      -8.      38.      57.      53.      22.     -27.     -86.    -118.    -151.    -163.    -130.     -70.
      -8.      38.      59.      50.      11.     -39.    -101.    -143.    -170.    -203.    -181.    -115.     -42.       6.      50.      63.      41.      -1.     -50.     -95.    -123.    -147.    -134.     -85.
     -21.      19.      47.      53.      23.     -22.     -81.    -132.    -180.    -215.    -225.    -190.    -130.     -40.      31.      55.      50.      17.     -27.     -76.    -103.    -118.    -119.     -73.
     -18.      25.      49.      50.      33.      -8.     -64.    -126.    -170.    -209.    -235.    -236.    -145.     -74.     -13.      22.      36.      18.     -18.     -47.     -77.     -87.     -84.     -69.
     -22.       4.      32.      42.      29.       1.     -47.    -109.    -161.    -198.    -226.    -245.    -223.    -140.     -76.     -32.       5.      18.      10.     -10.     -22.     -47.     -50.     -42.
     -32.     -11.       5.      18.      20.      15.     -16.     -62.    -111.    -163.    -203.    -228.    -250.    -232.    -170.    -104.     -55.     -22.      -5.      -3.     -11.     -33.     -31.     -33.
  B8 FUOC HOA
    -1 0
    720*50
1001*0.9


