  Dieu kien H,Q cua NC Mat cat, NC=         1001
      0.52      0.64      0.74      0.78      0.87      0.96      0.98      1.03      0.20      0.22      0.22      0.24      0.25      0.29      0.36      0.44      0.54      0.80      1.68      0.20
      0.30      0.46      0.64      0.80      0.92      1.02      1.06      1.08      1.09      1.19      0.38      0.39      0.39      0.39      0.38      0.38      0.38      0.38      0.38      0.38
      0.38     -0.26     -0.22     -0.16     -0.11     -0.07     -0.02     -0.08     -0.03      0.09      0.00      0.03      0.09     -0.03      0.17      0.03      0.17     -0.15     -0.15     -0.11
     -0.14      0.45      0.45      0.45      0.45      0.45      0.45      1.50      1.70      1.70      2.00      2.00      2.00      0.11      0.11      0.52      0.47      0.43      0.52      0.47
      0.43      0.43      0.42      0.42      0.10      0.42      0.10      0.10      0.07      0.06      0.05      0.04      0.03      0.03      0.00      0.00      0.03      0.03      0.02      0.02
      0.01      0.01      0.00      0.00      0.00     -0.03     -0.07     -0.10     -0.10     -0.11     -0.12     -0.13     -0.14     -0.14     -0.14     -0.14     -0.15     -0.14     -0.15     -0.14
     -0.14     -0.14     -0.15     -0.15     -0.16     -0.18     -0.18     -0.20     -0.22     -0.22     -0.21     -0.21     -0.21     -0.21     -0.21     -0.21     -0.20     -0.19     -0.19     -0.18
     -0.18     -0.16     -0.16     -0.14     -0.14     -0.12     -0.12     -0.09     -0.06     -0.06     -0.03     -0.19     -0.18     -0.16     -0.16     -0.12     -0.12     -0.12     -0.12     -0.12
     -0.12     -0.12     -0.12     -0.12     -0.12     -0.07     -0.12     -0.07     -0.12     -0.08     -0.08     -0.07     -0.07      0.03     -0.11     -0.08     -0.07     -0.08     -0.04     -0.01
      0.01      0.03     -0.04     -0.07     -0.07     -0.11     -0.11     -0.12     -0.16     -0.17     -0.17     -0.17     -0.17     -0.16     -0.16     -0.15     -0.19     -0.17     -0.17     -0.15
     -0.15     -0.12     -0.19     -0.17     -0.17     -0.12     -0.23     -0.23     -0.21     -0.21     -0.21     -0.21     -0.18     -0.18     -0.16     -0.13     -0.13     -0.05     -0.08     -0.07
     -0.05     -0.05      0.00     -0.13     -0.13     -0.16     -0.13     -0.13     -0.10     -0.14     -0.10     -0.10     -0.04      0.00     -0.11     -0.11     -0.11     -0.09     -0.06     -0.03
     -0.10     -0.11     -0.11     -0.08     -0.06     -0.11     -0.11     -0.21     -0.24     -0.25     -0.25     -0.24     -0.24     -0.24     -0.24     -0.23     -0.23     -0.22     -0.21     -0.21
     -0.20     -0.20     -0.18     -0.18     -0.15     -0.15     -0.12     -0.08      0.20      0.15      0.11      0.11      0.07      0.06      0.06      0.00     -0.03     -0.06     -0.06     -0.10
     -0.10     -0.10     -0.10     -0.10     -0.10     -0.10     -0.10     -0.12     -0.12     -0.13     -0.13     -0.15     -0.15     -0.16     -0.10     -0.11     -0.10     -0.12     -0.14     -0.10
     -0.10     -0.10     -0.10     -0.10     -0.10     -0.10     -0.10      0.45      0.39      0.33      0.20      0.01     -0.12     -0.12     -0.11     -0.11      0.06      0.07      0.08      0.08
     -0.02     -0.06     -0.06     -0.06     -0.06     -0.10     -0.10     -0.10     -0.10     -0.11     -0.11     -0.12      0.38      0.42      0.47      0.49      0.47      0.43      0.38      0.31
      0.31      0.25      0.18      0.06      0.31      0.47      0.54      0.56      0.56      0.15      0.12      0.12      0.06      0.22      0.13      0.31      0.35      0.38      0.37      0.33
      0.33      0.21      0.09      0.09     -0.12     -0.12     -0.07     -0.14      0.08      0.22      0.28      0.32      0.35      0.38      0.38      0.39      0.40      0.12      0.13      0.13
      0.09      0.09     -0.14      0.12      0.15      0.15      0.15      0.22      0.22      0.33      0.33      0.38      0.38      0.29     -0.03     -0.19     -0.19     -0.20     -0.22     -0.23
     -0.24     -0.25     -0.25     -0.26     -0.26     -0.27     -0.27     -0.28     -0.28     -0.28     -0.28     -0.28     -0.28     -0.28     -0.28     -0.28     -0.28     -0.28     -0.28     -0.28
     -0.28     -0.28     -0.28     -0.28     -0.28     -0.27     -0.27     -0.27     -0.27     -0.27     -0.27     -0.27     -0.26     -0.26     -0.26     -0.25     -0.25     -0.25     -0.25     -0.25
     -0.25     -0.24     -0.24     -0.24     -0.24      0.38      0.36      0.33      0.30      0.27      0.23      0.20      0.16      0.12      0.09      0.06      0.06     -0.01     -0.04     -0.09
     -0.11     -0.12     -0.12     -0.14     -0.16     -0.16     -0.17     -0.18     -0.19     -0.19     -0.26     -0.26     -0.25     -0.25     -0.26     -0.25     -0.25     -0.24     -0.24     -0.23
     -0.21     -0.19     -0.15     -0.12     -0.13     -0.14     -0.14     -0.14     -0.14     -0.16     -0.21     -0.28     -0.14     -0.17     -0.16     -0.17     -0.17     -0.22     -0.22     -0.28
     -0.22     -0.23     -0.23     -0.23     -0.23     -0.25     -0.25     -0.25     -0.25     -0.25     -0.25     -0.25     -0.25     -0.25     -0.25     -0.26     -0.25     -0.25     -0.19     -0.23
     -0.23     -0.25     -0.23     -0.25     -0.25     -0.27     -0.25     -0.25     -0.11     -0.11     -0.12     -0.12     -0.14     -0.14     -0.15     -0.16     -0.17     -0.19     -0.19     -0.19
     -0.19     -0.19     -0.20     -0.20     -0.21     -0.21     -0.21     -0.21     -0.21     -0.21     -0.21     -0.21     -0.21     -0.22     -0.22     -0.22     -0.22     -0.22     -0.17     -0.13
     -0.21     -0.21     -0.20     -0.20     -0.21     -0.21     -0.21     -0.21     -0.21     -0.21     -0.19     -0.19     -0.19     -0.20     -0.20     -0.20     -0.21     -0.21     -0.21     -0.21
     -0.21     -0.21     -0.21     -0.21     -0.21     -0.22     -0.22     -0.22     -0.22     -0.22     -0.22     -0.20     -0.17     -0.16     -0.15     -0.22     -0.22     -0.27     -0.27     -0.27
     -0.27     -0.27     -0.27     -0.27     -0.27     -0.27     -0.26     -0.26     -0.26     -0.26     -0.23     -0.22     -0.26     -0.26     -0.26     -0.26     -0.25     -0.25     -0.25     -0.25
     -0.21     -0.22     -0.23     -0.25     -0.26     -0.26     -0.27     -0.27     -0.27     -0.28     -0.28     -0.28     -0.21     -0.23     -0.26     -0.26     -0.26     -0.26     -0.27     -0.27
     -0.28     -0.29     -0.29     -0.28     -0.28     -0.28     -0.28     -0.28     -0.25     -0.26     -0.26     -0.26     -0.26     -0.27     -0.27     -0.28     -0.26     -0.26     -0.21     -0.24
     -0.25     -0.26     -0.21     -0.21     -0.26     -0.27     -0.27     -0.27     -0.27     -0.27     -0.27     -0.22     -0.22     -0.23     -0.25     -0.26     -0.26     -0.27     -0.27     -0.27
     -0.27     -0.27     -0.26     -0.27     -0.28     -0.27     -0.27     -0.27     -0.27     -0.27     -0.27     -0.26     -0.27     -0.27     -0.27     -0.27     -0.28     -0.28     -0.29     -0.27
     -0.27     -0.28     -0.27     -0.27     -0.25     -0.26     -0.25     -0.28     -0.28     -0.27     -0.27     -0.27     -0.26     -0.26     -0.26     -0.25     -0.25     -0.25     -0.25     -0.24
     -0.24     -0.25     -0.24     -0.25     -0.23     -0.23     -0.23     -0.23     -0.21     -0.24     -0.23     -0.24     -0.25     -0.27     -0.27     -0.28     -0.27     -0.27     -0.27     -0.27
     -0.26     -0.25     -0.25     -0.24     -0.24     -0.23     -0.23     -0.22     -0.22     -0.21     -0.24     -0.22     -0.28     -0.25     -0.25     -0.22     -0.22     -0.20     -0.22     -0.22
     -0.25     -0.25     -0.28     -0.25     -0.25     -0.22     -0.22     -0.21     -0.26     -0.21     -0.21     -0.20     -0.20     -0.18     -0.20     -0.20     -0.27     -0.26     -0.26     -0.24
     -0.24     -0.18     -0.18     -0.15     -0.26     -0.26     -0.24     -0.25     -0.22     -0.18      1.03      1.08     -0.21     -0.14     -0.02     -0.02      0.06      0.02     -0.02      0.24
      0.16      0.11      0.06      0.31      0.26      0.24      0.36      0.31      0.36      0.39      0.41      0.46      0.48      0.49      0.50      0.51      0.17      0.23      0.36      0.17
      0.18      0.16      0.17      0.35      0.35      0.39      0.31      0.35      0.33      0.12      0.35      0.31      0.31      0.29      0.24      0.31      0.27      0.06      0.31      0.25
      0.04      0.04      0.06      0.04     -0.09     -0.09     -0.11      0.16      0.12     -0.10     -0.10     -0.10     -0.16     -0.16     -0.14     -0.11     -0.11     -0.14     -0.10     -0.14
     -0.14     -0.15     -0.15     -0.15     -0.15     -0.15     -0.15     -0.15     -0.16     -0.17     -0.18     -0.10     -0.10     -0.09     -0.09     -0.16     -0.17     -0.18     -0.11     -0.14
     -0.10     -0.10      0.01      0.01     -0.02     -0.02     -0.02     -0.03     -0.04     -0.04     -0.04     -0.05     -0.05     -0.05     -0.07     -0.08     -0.08     -0.08     -0.10     -0.10
     -0.10     -0.10     -0.11     -0.11     -0.11     -0.11     -0.11     -0.11     -0.11     -0.12      0.01      0.01     -0.02     -0.02     -0.08     -0.08     -0.08     -0.10     -0.10      1.03
      1.07      1.08      1.09     -0.14     -0.14     -0.14     -0.14     -0.13     -0.12     -0.10     -0.06      0.00      0.07      0.20      0.29      0.36      0.42      0.44      0.44      0.44
      0.44      0.44      0.44     -0.10     -0.10     -0.14     -0.14     -0.07     -0.07     -0.07     -0.07     -0.07     -0.07     -0.07     -0.07     -0.07     -0.06     -0.06     -0.06     -0.06
     -0.06     -0.05     -0.05     -0.05     -0.04     -0.04     -0.04     -0.21     -0.19     -0.15     -0.18     -0.18     -0.19     -0.22     -0.22     -0.21     -0.20     -0.20     -0.20     -0.20
     -0.20     -0.20     -0.18     -0.18     -0.16     -0.16     -0.12     -0.12      0.08      0.08      0.27      0.27      0.68      0.68      1.00      1.00      1.50     -0.20     -0.20      0.27
      0.27
    -998.0    -905.3    -768.6    -689.5    -602.3    -539.1    -527.1    -513.9     -33.9     -28.7     -26.1     -23.1     -20.3     -15.8     -14.1     -12.4     -11.0     -10.4     -10.0    -616.4
    -493.3    -347.3    -229.8    -133.9     -65.4      -2.3     -13.3     -31.4     -51.7    -100.0     318.2     320.8     317.7     297.1     239.8     167.4      86.7      36.4     -17.2     -61.0
    -100.0   -1300.3   -1273.0   -1214.4   -1136.6   -1039.1    -810.3    4578.4    1110.9  -19648.6    -883.4   -1615.7  -15915.4    -720.5  -15177.2   -2422.7   -4284.2    1035.7    1066.2      18.4
       0.0      -0.1       0.0       0.0      -0.1       0.0       0.0      -2.9      -1.4      -1.4      -0.9      -0.9       0.0     -21.7       0.0     349.1     372.5     397.9     648.8     666.2
     685.0    1082.9    1103.4     363.3     399.8     740.1     790.4    1190.2    1320.1    1358.2    1397.2    1437.4    1478.0    1349.8    1555.4    1603.5     128.1     155.3     182.3     209.3
     236.4     266.1     296.0     323.4    1926.8    2066.0    2248.9    2446.6    2467.6    2592.0    2712.5    2852.1    2994.2    3117.2     891.9     949.0    1011.2     304.6     309.2   -2361.2
   -2337.9    2417.7    2468.6    3873.6    3975.5    4064.2    6730.0    6854.6    6952.6    6535.2    6688.1    2411.2    2432.6    2434.7    2414.6    1727.4    1700.6    1661.5    1032.1     905.3
    1014.4     956.4     302.0     154.3     285.4      74.6     498.0     284.8      73.0    -162.2    -473.8     498.7     471.3     434.0     341.4     261.4     334.4     292.8     460.3     411.3
     369.3     289.5     329.4     175.3     -39.9     -69.1    -167.5    -255.1     -99.5    -178.9    -313.5    -403.5    -727.7   -1026.9     -12.3     -64.7      -8.0     -70.0    -592.7    -845.7
   -1105.8   -1395.8      98.1      73.7      81.7       4.3      -1.7     -26.4      92.6      64.8     290.7     270.9      31.3       3.4      71.6     -82.3     380.0     326.7     566.3     465.1
     382.8     248.1     249.4     225.9       0.0     -42.0     -11.4     -29.8     -53.2    -181.5    -193.4     128.3     109.1     -35.6     -78.9    -107.6     153.1      16.1     -28.4     -80.7
    -137.6    -121.5    -264.1    -260.7    -299.8     586.2     454.5     154.7      14.4    -131.1    -189.6    -148.5    -335.5    -619.3       0.0     -15.1     -31.4     -67.9    -161.6    -246.7
     -26.7     -93.6     -89.1    -135.8    -235.2      -4.5     -16.3    4312.0    4336.5    4345.8    4986.5    4982.4    4949.3    4919.5    4935.2    4868.2    4881.1    4794.9    4667.8    4903.4
    4836.0    4823.5    4619.6    4632.9    4276.1    6071.3    5376.1    4550.1     650.3     779.0     906.4     928.0    1057.5    1144.0    1448.4    1576.0    1676.7    1781.3    1825.3    1978.7
      21.0     165.2     223.6     327.9    2009.4    2040.7    2368.6    2456.4    2488.9    2544.8    2511.7    2589.0    2398.5    2485.5      30.5      46.9     203.4     248.4     299.1     142.1
     170.2     -21.5       4.5      30.1      -0.4      24.0      32.2       0.2       0.2       0.2       0.2       0.2      31.6      32.5      -4.7      -2.2     -28.9       4.3      30.2      46.7
      53.2      61.9      23.5      44.0      38.4      44.0      37.3      51.7       6.6       9.2       7.0      11.7     -47.0     -44.7     -41.5     -32.9     -16.1       4.3      23.2      49.1
     121.5     170.5     213.9     275.5     -68.5     -51.1     -34.6     -16.9       0.0      18.4      32.7      37.6      66.7      10.1      14.7      -3.8       0.0       3.9      18.5      32.3
      15.0      17.1      18.9      13.7      16.8     -12.3       1.2      11.1     -16.5     -11.0      -7.9      -6.3      -3.4       0.8     -12.0      -5.9       0.0      -5.0      -2.6      12.0
      14.4      19.6      24.9     -15.5      -7.7       1.9     -16.5     -12.5     -22.6     -18.8      -1.4      -0.5      12.3      13.3      14.5      16.4     196.5     201.4     206.8     212.4
     217.4     221.7     223.3     226.3     228.6     230.7     232.4     234.1     234.9     235.1     396.8     397.3     201.5     202.1     202.8     230.9     231.3     231.6     232.0     232.2
     232.3     259.6     259.6     259.4     259.0     258.2     258.0     257.1     255.8     271.5     270.2     268.3     266.2     284.0     281.5     279.0     276.1     182.4     180.5     178.1
     175.5     172.0     168.5     165.3     162.5    -271.2    -235.3    -160.9     -69.2      -4.0      88.5     168.6     220.7     316.9     369.3     430.1     502.7     669.7     738.4     833.5
     908.2     942.3     943.5     992.6    1032.2    1039.6    1077.8    1105.2    1122.8    1113.6    1144.6    2445.0    2460.8    2470.2    2537.3    2544.5    2564.7    2527.8    2690.3    2629.2
    2508.7    2269.4    1819.7      -1.2       3.6       8.0      -5.7      -1.7       9.4      14.7      24.0      28.8      13.7      20.2      -7.4       0.7      21.0      29.4      21.3      26.6
       8.0      10.7       3.7       7.3      12.2      16.3       9.0      13.9      19.1      20.2      -9.3      -6.1       1.2       4.2      13.2      14.2       1.6       5.2       9.2      12.7
       7.9      11.8       7.0       9.6      15.4      15.7      -5.8      -1.2      -4.1      36.7      69.0      98.2     138.1     163.0     164.9     168.8     172.8     177.1      -3.2       2.1
       2.7       4.4       6.3       3.7       5.6       2.3       4.2       0.1       1.8       0.2       1.9       3.7       0.8       2.8     -44.5     -43.9     -43.7     -40.4     -37.4     -33.0
      -8.3      -7.7       2.6       3.5       4.1       4.9       1.6       3.4       2.9       4.6       0.2       5.5       6.0       8.3      11.4      14.9      18.0     -14.5     -10.7      -5.8
      -3.7      -0.2       2.9     -31.4     -28.4     -25.0     -29.2     -24.0      25.8      26.7    -209.4    -205.6    -200.7    -195.7    -190.4      -0.2       3.6       0.0       1.0       1.9
       0.0       0.6       1.1       3.0       3.5     130.3     132.6     134.4    -425.1    -423.2    -420.6    -417.4     559.5     561.5     562.6     668.1     669.1     640.6     640.7     -25.9
     -23.7     239.7     243.9     247.5     250.2     134.1     137.1      46.2      47.5      48.6      48.0      49.9      45.3      47.1      48.7      29.6      33.6      38.5      40.0      41.5
     111.0     112.1     162.9     164.0     164.5     160.6     161.2     161.7      -1.6       1.6       4.9      16.8      18.1      19.2      60.7      61.2      19.1      20.8      38.9      40.7
      42.5      44.3      11.6      12.8      48.3      49.4      50.7     141.7     143.2     144.3     145.2       4.1       5.8       7.2       7.7       8.9     115.2     117.2     120.2     122.4
     124.5     126.8       9.7      11.9       0.6       1.6     146.9     147.7     148.5     149.3     104.6     105.6      56.6      57.1      57.8      49.6      50.0      50.5      50.9       8.1
       8.3     -40.1     -39.8     -31.5     -31.2     -23.3     -23.3      44.0      44.3      44.4      21.3      21.3      21.1      44.3      44.0      43.7      43.0     -32.1     -32.2     -32.6
     -33.1      16.7      15.7      53.4      51.0       3.3       1.5      33.7      27.6     -12.7     -14.0      -4.5      -5.0     -22.7     -23.1     195.8     195.9     195.2     194.0     216.8
     215.7     214.2     212.6     210.6     220.8     218.3     215.8     213.6     211.0     208.0       7.0       3.4       0.7       0.5       0.3      -0.4       0.5      -8.2       2.6       2.1
       0.2      -0.2      -0.6      -0.8      -1.0      -1.3       0.8       0.3      -4.4      -5.1      -4.8     -13.6     -10.5     -22.3       4.2       3.1       0.2      -1.6       2.7       1.3
      -9.7     -11.6      34.5     -24.4      -3.7      -5.6     -11.1      93.6      80.7      46.1    -302.9    -230.0     -58.8     -50.9      -7.4       0.0     674.7     737.9     802.8     208.7
     463.2     591.5     682.0     -43.8     155.8     205.4    -182.8     -48.9     171.3     231.3     184.3     120.7      75.4       1.5     -36.2    -100.0       8.8      -9.0     -11.5      -3.1
      -0.8       2.0      -5.7      -3.4      -4.5      -0.2       5.1       0.5       3.0       5.4       0.6       3.0      -0.6       0.9       3.3       1.3       3.6       5.9       2.3       5.6
       8.9     -22.9      -7.3      31.8      45.8     879.3     904.1     222.7     296.0     -35.2     -17.8       0.0     -31.8     -19.1     -15.7       4.7       7.2      11.0      16.9      21.0
      16.3      18.3      15.5      17.6      21.2      25.1      29.6       2.8       5.7       7.0       9.6     -11.6      -8.2      -1.5       0.0    2517.4    2597.7    2656.3      42.2      56.5
      15.3      58.4       0.3       0.4       0.4       0.5       0.5       0.6       0.7       0.8       0.8       0.8       1.3       1.9       2.2       2.4       2.7       3.1       3.7       3.9
       4.1       5.4       6.3       7.1      11.7      12.9      14.4      16.2      18.3      19.9      -0.1       0.0       0.0       0.0      -0.4      -0.1       0.0      -0.2       0.0    -211.0
    -135.1     -91.0     -50.0     -50.1     -43.5     -39.4     -36.1     -32.7     -29.1     -25.3     -22.7     -20.4     -18.5     -17.6     -17.4     -14.2     -11.3      -8.8      -7.4      -3.7
      -1.4      -0.8       0.0    2304.5    2432.3    3167.3    3286.4       0.0      -0.2      -3.9     -10.5     -17.8     -33.2     -57.9     -82.8    -107.7    -156.9    -189.7    -215.6    -245.6
    -280.0    -313.8    -347.9    -381.8    -421.4    -452.7    -494.6     493.7     466.5     -24.6      15.6      15.6      32.2       2.8       5.4      -7.7      -7.1      -5.8      -5.5      -5.5
      -5.0      -5.0      -4.7      -4.7      -4.4      -4.4      -4.1      -4.1      -4.0      -4.0      -4.0      -4.0      -4.0      -4.0      -3.7      -3.7      -2.9      -1.3       0.0       0.0
       0.0
  Water level at LN nodee, LN=         294
      0.00      0.00      0.00      0.00      0.70      2.27      1.56      0.00      0.00      0.00      0.00      0.00      0.98      0.23      0.44      0.51      0.55      0.59      0.61      0.61
      0.43     -0.03     -0.03     -0.01      0.02      0.09      0.09      0.15      0.23      0.32      0.90      0.71     -0.10      0.16      0.41      0.68      0.86      1.01      1.05      1.01
      0.99      0.99      0.16      0.27      0.48      0.56      0.51      0.46      0.42      0.40      0.37      0.34      0.32      0.23     -0.41     -0.52     -0.45     -0.36     -0.23     -0.12
      0.02     -0.12      0.08     -0.04     -0.17      0.12     -0.03      0.26     -0.08     -0.05      0.05     -0.24     -0.16      0.12      0.03      0.06      0.12      0.03      0.08      0.96
      0.73      0.23     -0.03      0.12      0.14      0.01      0.00      0.13      0.34      0.59     -0.14      0.37      0.64     -0.10      0.17     -0.07      0.63     -0.20      0.70     -0.18
      0.24      0.27      0.30      0.32      0.34     -0.13      0.16      0.19     -0.03      0.02      0.05      0.08      0.10      0.12      0.14      0.15     -0.35      0.25      0.33      0.31
     -0.42      0.16      0.26      0.30      0.27      0.25     -0.18      0.08      0.12     -0.06      0.06      0.06     -0.06     -0.17      0.16     -0.49      0.28      0.43     -0.48      0.26
      0.40     -0.35      0.27     -0.68      0.32      0.42      0.39     -0.55      0.30      0.38     -0.30      0.10     -0.18      0.12     -0.09      0.00     -0.10     -0.01     -0.11      0.03
      0.02     -0.03      0.00     -0.36      0.14      0.14     -0.17      0.07     -0.04      0.02     -0.05      0.03     -0.08      0.03     -0.10      0.00     -0.01     -0.23     -0.01     -0.08
     -0.03     -0.06      0.00     -0.01      0.08     -0.17     -0.09     -0.17     -0.06     -0.17      0.05     -0.09     -0.12     -0.14     -0.03      0.00     -0.11     -0.09     -0.01     -0.04
     -0.08     -0.02     -0.18      0.12     -0.21     -0.13     -0.10     -0.09     -0.21      0.08     -0.11      0.04     -0.13      0.04     -0.10      0.05     -0.16     -0.15     -0.21     -0.17
     -0.25      0.12     -0.28     -0.19      0.06     -0.15     -0.16     -0.21     -0.21     -0.02     -0.03     -0.11     -0.18     -0.02     -0.04      0.04     -0.09     -0.32      0.05     -0.11
     -0.02     -0.01     -0.12     -0.07     -0.03     -0.07     -0.02     -0.02     -0.08     -0.06     -0.13     -0.15     -0.03     -0.13     -0.01     -0.13     -0.17     -0.02     -0.06     -0.63
      0.39      0.46     -0.30      0.26     -0.30      0.23     -0.30      0.21     -0.44      0.19      0.20     -0.13      0.11     -0.23      0.17     -0.26      0.18     -0.29      0.12      0.15
     -0.14      0.43      0.58     -0.26      0.35      0.52     -0.50      0.51      0.67      0.65     -0.41      0.43     -0.05      0.00
